2 14.100000 2.020000 2.400000 18.800000 103.000000 2.750000 2.920000 0.320000 2.380000 6.200000 1.070000 2.750000 1060.000000 
1 13.780000 2.760000 2.300000 22.000000 90.000000 1.350000 0.680000 0.410000 1.030000 9.580000 0.700000 1.680000 615.000000 
2 12.850000 1.600000 2.520000 17.800000 95.000000 2.480000 2.370000 0.260000 1.460000 3.930000 1.090000 3.630000 1015.000000 
1 12.820000 3.370000 2.300000 19.500000 88.000000 1.480000 0.660000 0.400000 0.970000 10.260000 0.720000 1.750000 685.000000 
1 13.270000 4.280000 2.260000 20.000000 120.000000 1.590000 0.690000 0.430000 1.350000 10.200000 0.590000 1.560000 835.000000 
2 14.380000 1.870000 2.380000 12.000000 102.000000 3.300000 3.640000 0.290000 2.960000 7.500000 1.200000 3.000000 1547.000000 
3 12.210000 1.190000 1.750000 16.800000 151.000000 1.850000 1.280000 0.140000 2.500000 2.850000 1.280000 3.070000 718.000000 
1 12.250000 4.720000 2.540000 21.000000 89.000000 1.380000 0.470000 0.530000 0.800000 3.850000 0.750000 1.270000 720.000000 
3 12.370000 1.210000 2.560000 18.100000 98.000000 2.420000 2.650000 0.370000 2.080000 4.600000 1.190000 2.300000 678.000000 
3 12.370000 1.130000 2.160000 19.000000 87.000000 3.500000 3.100000 0.190000 1.870000 4.450000 1.220000 2.870000 420.000000 
1 12.790000 2.670000 2.480000 22.000000 112.000000 1.480000 1.360000 0.240000 1.260000 10.800000 0.480000 1.470000 480.000000 
3 12.080000 1.330000 2.300000 23.600000 70.000000 2.200000 1.590000 0.420000 1.380000 1.740000 1.070000 3.210000 625.000000 
2 13.510000 1.800000 2.650000 19.000000 110.000000 2.350000 2.530000 0.290000 1.540000 4.200000 1.100000 2.870000 1095.000000 
3 12.080000 1.390000 2.500000 22.500000 84.000000 2.560000 2.290000 0.430000 1.040000 2.900000 0.930000 3.190000 385.000000 
2 14.220000 3.990000 2.510000 13.200000 128.000000 3.000000 3.040000 0.200000 2.080000 5.100000 0.890000 3.530000 760.000000 
3 12.720000 1.810000 2.200000 18.800000 86.000000 2.200000 2.530000 0.260000 1.770000 3.900000 1.160000 3.140000 714.000000 
3 12.160000 1.610000 2.310000 22.800000 90.000000 1.780000 1.690000 0.430000 1.560000 2.450000 1.330000 2.260000 495.000000 
3 11.450000 2.400000 2.420000 20.000000 96.000000 2.900000 2.790000 0.320000 1.830000 3.250000 0.800000 3.390000 625.000000 
3 12.000000 1.510000 2.420000 22.000000 86.000000 1.450000 1.250000 0.500000 1.630000 3.600000 1.050000 2.650000 450.000000 
2 13.750000 1.730000 2.410000 16.000000 89.000000 2.600000 2.760000 0.290000 1.810000 5.600000 1.150000 2.900000 1320.000000 
3 12.990000 1.670000 2.600000 30.000000 139.000000 3.300000 2.890000 0.210000 1.960000 3.350000 1.310000 3.500000 985.000000 
3 12.080000 1.830000 2.320000 18.500000 81.000000 1.600000 1.500000 0.520000 1.640000 2.400000 1.080000 2.270000 480.000000 
3 11.030000 1.510000 2.200000 21.500000 85.000000 2.460000 2.170000 0.520000 2.010000 1.900000 1.710000 2.870000 407.000000 
3 12.430000 1.530000 2.290000 21.500000 86.000000 2.740000 3.150000 0.390000 1.770000 3.940000 0.690000 2.840000 352.000000 
3 12.510000 1.730000 1.980000 20.500000 85.000000 2.200000 1.920000 0.320000 1.480000 2.940000 1.040000 3.570000 672.000000 
3 13.050000 5.800000 2.130000 21.500000 86.000000 2.620000 2.650000 0.300000 2.010000 2.600000 0.730000 3.100000 380.000000 
3 12.340000 2.450000 2.460000 21.000000 98.000000 2.560000 2.110000 0.340000 1.310000 2.800000 0.800000 3.380000 438.000000 
2 13.200000 1.780000 2.140000 11.200000 100.000000 2.650000 2.760000 0.260000 1.280000 4.380000 1.050000 3.400000 1050.000000 
2 13.500000 1.810000 2.610000 20.000000 96.000000 2.530000 2.610000 0.280000 1.660000 3.520000 1.120000 3.820000 845.000000 
3 11.790000 2.130000 2.780000 28.500000 92.000000 2.130000 2.240000 0.580000 1.760000 3.000000 0.970000 2.440000 466.000000 
1 12.510000 1.240000 2.250000 17.500000 85.000000 2.000000 0.580000 0.600000 1.250000 5.450000 0.750000 1.510000 650.000000 
1 13.480000 1.670000 2.640000 22.500000 89.000000 2.600000 1.100000 0.520000 2.290000 11.750000 0.570000 1.780000 620.000000 
3 11.810000 2.120000 2.740000 21.500000 134.000000 1.600000 0.990000 0.140000 1.560000 2.500000 0.950000 2.260000 625.000000 
3 11.560000 2.050000 3.230000 28.500000 119.000000 3.180000 5.080000 0.470000 1.870000 6.000000 0.930000 3.690000 465.000000 
1 12.770000 2.390000 2.280000 19.500000 86.000000 1.390000 0.510000 0.480000 0.640000 9.899999 0.570000 1.630000 470.000000 
3 12.420000 4.430000 2.730000 26.500000 102.000000 2.200000 2.130000 0.430000 1.710000 2.080000 0.920000 3.120000 365.000000 
